[LEFT_CAM_2K]
fx=1054.37
fy=1053.32
cx=1102.82
cy=631.031
k1=-0.0379086
k2=0.0073545
k3=-0.00433751
p1=-0.000647755
p2=0.000443943

[RIGHT_CAM_2K]
fx=1060.65
fy=1059.96
cx=1096.54
cy=622.722
k1=-0.0414769
k2=0.0104705
k3=-0.0052034
p1=-0.000292219
p2=-0.000439285

[LEFT_CAM_FHD]
fx=1054.37
fy=1053.32
cx=958.82
cy=550.031
k1=-0.0379086
k2=0.0073545
k3=-0.00433751
p1=-0.000647755
p2=0.000443943

[RIGHT_CAM_FHD]
fx=1060.65
fy=1059.96
cx=952.54
cy=541.722
k1=-0.0414769
k2=0.0104705
k3=-0.0052034
p1=-0.000292219
p2=-0.000439285

[LEFT_CAM_HD]
fx=527.185
fy=526.66
cx=637.91
cy=363.5155
k1=-0.0379086
k2=0.0073545
k3=-0.00433751
p1=-0.000647755
p2=0.000443943

[RIGHT_CAM_HD]
fx=530.325
fy=529.98
cx=634.77
cy=359.361
k1=-0.0414769
k2=0.0104705
k3=-0.0052034
p1=-0.000292219
p2=-0.000439285

[LEFT_CAM_VGA]
fx=263.5925
fy=263.33
cx=334.455
cy=189.25775
k1=-0.0379086
k2=0.0073545
k3=-0.00433751
p1=-0.000647755
p2=0.000443943

[RIGHT_CAM_VGA]
fx=265.1625
fy=264.99
cx=332.885
cy=187.1805
k1=-0.0414769
k2=0.0104705
k3=-0.0052034
p1=-0.000292219
p2=-0.000439285

[STEREO]
Baseline=120.109
TY=-0.00960541
TZ=-0.643027
CV_2K=-0.00397111
CV_FHD=-0.00397111
CV_HD=-0.00397111
CV_VGA=-0.00397111
RX_2K=-0.000282487
RX_FHD=-0.000282487
RX_HD=-0.000282487
RX_VGA=-0.000282487
RZ_2K=-0.000392765
RZ_FHD=-0.000392765
RZ_HD=-0.000392765
RZ_VGA=-0.000392765

